arquivo
"
20757547 30383118148 56450070338 9.0 0.916666667 0 3508 1 0.08876279045604371 0.916666667 2051 ALE-AA_1329
20761917 30384430000 56452860000 9.0 0.916666667 0 3508 2 0.007706802897492722 0.916666667 2051 ALE-AA_1329
20727179 30387410000 56452310000 9.0 2.0 0 3508 3 0.0075758250375823925 2.0 2051 ALE-AA_1329
20727191 30387410000 56452310000 9.0 0.916666667 0 3508 4 0.0 0.916666667 2051 ALE-AA_1329
20760363 30393060000 56453260000 9.0 0.916666667 0 3508 5 0.0143232765106307 0.916666667 2051 ALE-AA_1329
20747430 30392152291 56451456504 9.0 0.916666667 0 3508 6 0.005047606766267875 0.916666667 2051 ALE-AA_1329
20753442 30388270000 56447840000 9.0 0.916666667 0 3508 7 0.013264446037881076 0.916666667 2051 ALE-AA_1329
20762595 30383380000 56440610000 9.0 0.916666667 0 3508 8 0.02182100478896338 0.916666667 2051 ALE-AA_1329
20762585 30383510000 56455370000 9.0 0.916666667 0 3009 1 0.09824387731422053 0.916666667 2051 ALE-AC_1306
20750906 30381660000 56459140000 9.0 0.916666667 0 3009 2 0.01049863086310911 0.916666667 2051 ALE-AC_1306
20762926 30381295889 56462447666 9.0 0.916666667 0 3009 3 0.008319116234578715 0.916666667 2051 ALE-AC_1306
20757980 30379550000 56464330000 9.0 0.916666667 0 3009 4 0.006418386522260747 0.916666667 2051 ALE-AC_1306
20753978 30379540000 56465130000 9.0 0.916666667 0 3009 5 0.0020001562439100505 0.916666667 2051 ALE-AC_1306
20766399 30373240000 56454860000 9.0 0.916666667 0 3009 6 0.030120891836077423 0.916666667 2051 ALE-AC_1306
20757372 30370050000 56447750000 9.0 0.916666667 0 3009 7 0.019482075094808555 0.916666667 2051 ALE-AC_1306
20756450 30384500000 56478380000 9.0 0.916666667 0 3009 8 0.08466844896418524 0.916666667 2051 ALE-AC_1306
20761512 30383510000 56455370000 9.0 1.333333333 1 3009 9 0.05757821853791395 1.333333333 2051 ALE-AC_1306
20759296 30370880000 56446730000 0.0 1.333333333 1 -1 -1 null null 2051 
20756102 30385200000 56439260000 0.0 0.5 1 -1 -1 null null 2051 
20754234 30380130000 56456250000 0.0 0.4 2 -1 -1 null null 2051 
20763549 30385800000 56441630000 0.0 0.5 1 -1 -1 null null 2051 
20753166 30380180000 56448900000 0.0 1.333333333 1 -1 -1 null null 2051 
20755969 30383390000 56462980000 0.0 1.333333333 1 -1 -1 null null 2051 
20766493 30397738483 56434557897 0.0 0.916666667 2 -1 -1 null null 2051 
20725991 30386790000 56457340000 0.0 1.333333333 1 -1 -1 null null 2051 
20729320 30389470000 56447940000 0.0 0.7 1 -1 -1 null null 2051 
20757455 30378370000 56449330000 0.0 1.333333333 1 -1 -1 null null 2051 
20756316 30396890000 56435130000 0.0 1.333333333 1 -1 -1 null null 2051 
20762220 30387290000 56439260000 0.0 0.5 1 -1 -1 null null 2051 
20766479 30374280000 56456530000 0.0 0.916666667 2 -1 -1 null null 2051 
20758327 30369610000 56446740000 0.0 1.333333333 1 -1 -1 null null 2051 
20761670 30369480000 56466450000 0.0 1.333333333 1 -1 -1 null null 2051 
20754084 30397480000 56435580000 0.0 1.333333333 1 -1 -1 null null 2051 
20767173 30398540000 56439620000 0.0 0.916666667 2 -1 -1 null null 2051 
20752470 30370110000 56445580000 0.0 1.333333333 1 -1 -1 null null 2051 
20740212 30387000000 56453390000 0.0 1.333333333 1 -1 -1 null null 2051 
20766684 30383660000 56464390000 0.0 1.333333333 2 -1 -1 null null 2051 
20750981 30373220000 56446910000 0.0 1.333333333 1 -1 -1 null null 2051 
20750943 30389250000 56455400000 0.0 1.333333333 1 -1 -1 null null 2051 
20749234 30382950000 56452270000 0.0 1.333333333 1 -1 -1 null null 2051 
20757343 30371320000 56465200000 0.0 0.4 2 -1 -1 null null 2051 
20728566 30384080000 56448030000 0.0 1.333333333 1 -1 -1 null null 2051 
20750435 30389410000 56454400000 0.0 0.7 1 -1 -1 null null 2051 
20730183 30385380000 56480350000 0.0 0.7 1 -1 -1 null null 2051 
20756112 30385200000 56439260000 0.0 0.5 1 -1 -1 null null 2051 
20762442 30383310000 56451580000 0.0 1.333333333 1 -1 -1 null null 2051 
"
