arquivo
"
20732174 30010861500 56147834210 6.0 0.916666667 0 3819 1 1.13501520114221 0.916666667 2009 ALE-AA_1340
20752519 30081774530 56124847510 6.0 0.916666667 0 3819 2 0.18636399532686593 0.916666667 2009 ALE-AA_1340
20703136 29972181359 55822056283 6.0 0.5 1 3819 3 0.8050356757545007 0.5 2009 ALE-AA_1340
20737628 29833490000 55860510000 0.0 1.333333333 1 -1 -1 null null 2009 
19018136 29727643982 56348931771 0.0 0.5 1 -1 -1 null null 2009 
20757590 29834510000 55862310000 0.0 1.333333333 1 -1 -1 null null 2009 
20505668 30342640000 55864390000 0.0 1.333333333 1 -1 -1 null null 2009 
"
