arquivo
"
20726594 29757770000 55828510000 9.0 0.916666667 0 3014 1 0.18439296066065142 0.916666667 2010 ALE-AA_1311
20760640 29710573850 55836862050 9.0 0.916666667 0 3014 2 0.11982365464572071 0.916666667 2010 ALE-AA_1311
20763995 29735900000 55944400000 9.0 0.916666667 0 3014 3 0.2761999339702278 0.916666667 2010 ALE-AA_1311
19015297 29742681760 56158396810 9.0 0.916666667 0 3014 4 0.5352606080153425 0.916666667 2010 ALE-AA_1311
20703371 29521207000 56072321288 9.0 1.333333333 1 3014 5 0.5940331682902382 1.333333333 2010 ALE-AA_1311
20750204 29408762741 56110030505 9.0 1.333333333 1 3014 6 0.29649722204445034 1.333333333 2010 ALE-AA_1311
20725003 29476230000 56116960000 0.0 0.916666667 2 -1 -1 null null 2010 
"
