arquivo
"
20762352 29789414955 55796046927 7.0 2.0 0 3253 1 0.13094553523656466 2.0 2001 ALE-AA_1325
20762636 29789414955 55796046927 7.0 0.916666667 0 3253 2 0.0 0.916666667 2001 ALE-AA_1325
20764685 29789220000 55796750000 7.0 1.833333334 0 3253 3 0.0018240050290501842 1.833333334 2001 ALE-AA_1325
20759463 29786120000 55796990000 7.0 0.916666667 0 3253 4 0.00777319110790346 0.916666667 2001 ALE-AA_1325
20744349 29785300000 55801350000 7.0 0.916666667 0 3253 5 0.011091100035610554 0.916666667 2001 ALE-AA_1325
20764764 29783384668 55807393034 7.0 0.916666667 0 3253 6 0.01584825633062483 0.916666667 2001 ALE-AA_1325
20763223 29798070000 55818870000 9.0 0.916666667 0 3008 1 0.0868345121399892 0.916666667 2001 ALE-AC_1305
20762187 29799080000 55813430000 9.0 0.916666667 0 3008 2 0.01383241211792138 0.916666667 2001 ALE-AC_1305
20751077 29797750000 55813000000 9.0 0.916666667 0 3008 3 0.003494459901037584 0.916666667 2001 ALE-AC_1305
20757641 29796550000 55812330000 9.0 2.25 0 3008 4 0.003435931460318612 2.25 2001 ALE-AC_1305
20738294 29795500000 55812200000 9.0 0.916666667 0 3008 5 0.0026450425327394114 0.916666667 2001 ALE-AC_1305
20750772 29794789800 55812137600 9.0 0.916666667 0 3008 6 0.0017823401050306984 0.916666667 2001 ALE-AC_1305
20754034 29794200000 55807110000 9.0 0.916666667 0 3008 7 0.012655193054627461 0.916666667 2001 ALE-AC_1305
20758097 29791880000 55806940000 9.0 0.916666667 0 3008 8 0.005815550274912738 0.916666667 2001 ALE-AC_1305
20759168 29805180000 55808960000 9.0 0.916666667 0 3008 9 0.03363130981689837 0.916666667 2001 ALE-AC_1305
18824280 29784080000 55792790000 9.0 0.75 0 3013 1 0.15438530523973587 0.75 2001 ALE-AA_1310
20758965 29783450000 55791650000 9.0 0.916666667 0 3013 2 0.003256244001913944 0.916666667 2001 ALE-AA_1310
20763097 29783450000 55791650000 9.0 0.916666667 0 3013 3 0.0 0.916666667 2001 ALE-AA_1310
20761304 29783450000 55788970000 9.0 0.916666667 0 3013 4 0.006699999999995043 0.916666667 2001 ALE-AA_1310
20761681 29781300000 55790300000 9.0 0.916666667 0 3013 5 0.006320304581265206 0.916666667 2001 ALE-AA_1310
20727407 29781590000 55789060000 9.0 0.916666667 0 3013 6 0.003183649635252307 0.916666667 2001 ALE-AA_1310
20756332 29781370000 55786770000 9.0 0.916666667 0 3013 7 0.005751358535169513 0.916666667 2001 ALE-AA_1310
20728922 29784390000 55785720000 9.0 2.25 0 3013 8 0.007993317521528024 2.25 2001 ALE-AA_1310
20761831 29774270000 55789560000 9.0 0.916666667 0 3013 9 0.02706011825546606 0.916666667 2001 ALE-AA_1310
20761379 29795270000 55757840000 9.0 0.916666667 0 3198 1 0.2342339679469309 0.916666667 2001 ALE-AA_1324
20765466 29797945927 55758578851 9.0 2.0 0 3198 2 0.006940139637258288 2.0 2001 ALE-AA_1324
20755629 29801858358 55754121106 9.0 0.916666667 0 3198 3 0.014827889013362402 0.916666667 2001 ALE-AA_1324
20759773 29801320000 55753410000 9.0 0.916666667 0 3198 4 0.0022297716802902943 0.916666667 2001 ALE-AA_1324
20762432 29801190000 55750970000 9.0 0.916666667 0 3198 5 0.00610865165155155 0.916666667 2001 ALE-AA_1324
20760308 29799786709 55744812317 9.0 0.916666667 0 3198 6 0.01578889751519015 0.916666667 2001 ALE-AA_1324
20763741 29799100000 55744690000 9.0 0.916666667 0 3198 7 0.0017437938151658988 0.916666667 2001 ALE-AA_1324
20757849 29799490000 55740620000 9.0 0.916666667 0 3198 8 0.010221607016508238 0.916666667 2001 ALE-AA_1324
20762865 29804450000 55754130000 9.0 0.916666667 0 3198 9 0.03597930828963579 0.916666667 2001 ALE-AA_1324
20756571 29796133020 55775082530 9.0 0.916666667 0 2970 1 0.19109080764204328 0.916666667 2001 ALE-AA_1303
20766415 29796630267 55773475486 9.0 0.916666667 0 2970 2 0.004205535784040746 0.916666667 2001 ALE-AA_1303
19135455 29800670000 55771970000 9.0 0.566666667 0 2970 3 0.010777850785138866 0.566666667 2001 ALE-AA_1303
20754724 29801010000 55769820000 9.0 0.916666667 0 2970 4 0.005441794281302284 0.916666667 2001 ALE-AA_1303
20762436 29803327783 55768314990 9.0 0.916666667 0 2970 5 0.006908858957522672 0.916666667 2001 ALE-AA_1303
20737274 29800650000 55765720000 9.0 1.833333334 0 2970 6 0.009322182850323426 1.833333334 2001 ALE-AA_1303
20761549 29787710000 55767280000 9.0 0.916666667 0 2970 7 0.03258423698661702 0.916666667 2001 ALE-AA_1303
20737382 29790540000 55771520000 9.0 0.916666667 0 2970 8 0.012744238894501877 0.916666667 2001 ALE-AA_1303
20754759 29818680000 55798360000 9.0 0.916666667 0 2970 9 0.09721899248603724 0.916666667 2001 ALE-AA_1303
20760505 29801180000 55795700000 7.0 0.916666667 0 3015 1 5.0557406981999105 0.916666667 2001 ALE-AA_1312
20763544 29801183318 55796460694 7.0 0.916666667 0 3015 2 0.0019017530905068123 0.916666667 2001 ALE-AA_1312
19057784 29816520000 55805820000 7.0 0.566666667 0 3015 3 0.044917314560394966 0.566666667 2001 ALE-AA_1312
20703137 29792440000 55810240000 0.0 1.9999999999999998 3 -1 -1 null null 2001 
20724497 29775730000 55790980000 0.0 1.333333333 1 -1 -1 null null 2001 
20750827 29796180000 55757490000 0.0 1.333333333 1 -1 -1 null null 2001 
20716094 29807760000 55806430000 0.0 1.333333333 1 -1 -1 null null 2001 
20731346 29814540000 55810190000 0.0 1.333333333 1 -1 -1 null null 2001 
20730954 29796980000 55804180000 0.0 1.333333333 1 -1 -1 null null 2001 
20751580 29816270000 55817190000 0.0 1.333333333 1 -1 -1 null null 2001 
20734476 29800580000 55740330000 0.0 0.2 3 -1 -1 null null 2001 
20728710 29796100000 55754690000 0.0 1.333333333 1 -1 -1 null null 2001 
18714450 29804140000 55789480000 0.0 0.2 3 -1 -1 null null 2001 
20763009 29776550000 55794250000 0.0 0.4 2 -1 -1 null null 2001 
20730399 29789970000 55812390000 0.0 0.4 2 -1 -1 null null 2001 
20760301 29811620000 55803300000 0.0 1.333333333 1 -1 -1 null null 2001 
20757988 29784050000 55797000000 0.0 1.333333333 1 -1 -1 null null 2001 
20753593 29796610000 55793980000 0.0 0.916666667 0 -1 -1 null null 2001 
20753501 29810510000 55807720000 0.0 0.5 1 -1 -1 null null 2001 
20754075 29803200000 55807390000 0.0 0.4 2 -1 -1 null null 2001 
20762294 29815960000 55817790000 0.0 1.333333333 1 -1 -1 null null 2001 
20753458 29792100000 55811940000 0.0 1.333333333 1 -1 -1 null null 2001 
20706084 29803870000 55752130000 0.0 1.333333333 1 -1 -1 null null 2001 
20723384 29800190000 55813950000 0.0 1.333333333 1 -1 -1 null null 2001 
20754158 29796970000 55771060000 0.0 0.2 3 -1 -1 null null 2001 
20738076 29781400000 55796060000 0.0 2.0 1 -1 -1 null null 2001 
20767100 29796920000 55799630000 0.0 0.916666667 2 -1 -1 null null 2001 
20762014 29809100000 55805820000 0.0 0.2 3 -1 -1 null null 2001 
20737083 29793960000 55795230000 0.0 1.333333333 1 -1 -1 null null 2001 
17664573 30251746461 55962296372 0.0 0.2 3 -1 -1 null null 2001 
20748612 29786740000 55796180000 0.0 0.5 1 -1 -1 null null 2001 
20725410 29815600000 55814370000 0.0 1.333333333 1 -1 -1 null null 2001 
20764024 29794100000 55793710000 0.0 0.916666667 0 -1 -1 null null 2001 
20764584 29783384668 55807393034 0.0 1.333333333 1 -1 -1 null null 2001 
20745356 29800800000 55802560000 0.0 0.5 1 -1 -1 null null 2001 
20723856 29786000000 55807850000 0.0 0.2 3 -1 -1 null null 2001 
20713703 29791190000 55773070000 0.0 0.5 1 -1 -1 null null 2001 
20750523 29808670000 55806130000 0.0 1.333333333 1 -1 -1 null null 2001 
20679149 29793480000 55807920000 0.0 0.2 3 -1 -1 null null 2001 
20758378 29806570000 55754970000 0.0 0.7 1 -1 -1 null null 2001 
20713573 29783010000 55793930000 0.0 1.333333333 1 -1 -1 null null 2001 
20720683 29798780000 55818300000 0.0 0.5 1 -1 -1 null null 2001 
20736109 29683180000 55540360000 0.0 1.333333333 1 -1 -1 null null 2001 
20738852 29782890000 55794510000 0.0 0.5 1 -1 -1 null null 2001 
20740586 29800240000 55814430000 0.0 1.333333333 1 -1 -1 null null 2001 
20734820 29682650000 55540520000 0.0 0.916666667 0 -1 -1 null null 2001 
20756235 29797030000 55816730000 0.0 1.333333333 1 -1 -1 null null 2001 
20394761 29778680000 55793620000 0.0 0.5 1 -1 -1 null null 2001 
20688522 29769539290 55784304430 0.0 0.5 1 -1 -1 null null 2001 
20724829 29801950000 55803720000 0.0 1.333333333 1 -1 -1 null null 2001 
20738240 29782690000 55792420000 0.0 1.833333333 1 -1 -1 null null 2001 
20749824 29783360000 55794050000 0.0 0.5 1 -1 -1 null null 2001 
18635534 29801490000 55809850000 0.0 0.4 2 -1 -1 null null 2001 
18714445 29790500000 55799070000 0.0 0.2 3 -1 -1 null null 2001 
20697927 29801780000 55771120000 0.0 1.333333333 1 -1 -1 null null 2001 
18700505 29681060000 55533340000 0.0 1.333333333 1 -1 -1 null null 2001 
20763934 29811830000 55807640000 0.0 1.333333333 1 -1 -1 null null 2001 
20717684 29773810000 55788390000 0.0 0.2 2 -1 -1 null null 2001 
20686775 29787190000 55801460000 0.0 0.2 3 -1 -1 null null 2001 
20752531 29799460000 55812820000 0.0 1.333333333 1 -1 -1 null null 2001 
20751695 29803150000 55751020000 0.0 1.333333333 1 -1 -1 null null 2001 
20758234 29798630000 55798510000 0.0 1.333333333 1 -1 -1 null null 2001 
20724334 29810220000 55808060000 0.0 1.333333333 1 -1 -1 null null 2001 
20727681 29788930000 55767520000 0.0 0.2 3 -1 -1 null null 2001 
20756459 29795905190 55805873530 0.0 1.333333333 1 -1 -1 null null 2001 
20744826 29786640000 55788990000 0.0 1.333333333 1 -1 -1 null null 2001 
20751989 29780840000 55808160000 0.0 0.4 2 -1 -1 null null 2001 
20757440 29795080000 55752130000 0.0 1.333333333 1 -1 -1 null null 2001 
20748048 29783950000 55767370000 0.0 1.333333333 1 -1 -1 null null 2001 
20749799 29809300000 55813010000 0.0 0.2 3 -1 -1 null null 2001 
20756120 29771440000 55784290000 0.0 2.25 0 -1 -1 null null 2001 
20757245 29793560000 55797080000 0.0 1.333333333 1 -1 -1 null null 2001 
20753057 29788730000 55772260000 0.0 1.333333333 1 -1 -1 null null 2001 
18429570 29792300000 55772730000 0.0 0.2 3 -1 -1 null null 2001 
20728909 29797660000 55801130000 0.0 0.2 3 -1 -1 null null 2001 
20748903 29815300000 55809860000 0.0 1.333333333 1 -1 -1 null null 2001 
20752729 29782850000 55783610000 0.0 1.333333333 1 -1 -1 null null 2001 
18442577 29790370000 55770080000 0.0 0.2 3 -1 -1 null null 2001 
18425965 29788280000 55793870000 0.0 0.2 3 -1 -1 null null 2001 
20744641 29782550000 55798770000 0.0 1.333333333 1 -1 -1 null null 2001 
20725301 29801750000 55815640000 0.0 0.2 3 -1 -1 null null 2001 
20661359 29790550000 55814080000 0.0 0.2 3 -1 -1 null null 2001 
20754305 29799430000 55745630000 0.0 0.5 1 -1 -1 null null 2001 
20755292 29787860000 55770190000 0.0 0.5 1 -1 -1 null null 2001 
20762691 29795950000 55752380000 0.0 0.5 1 -1 -1 null null 2001 
19095613 29783380000 55791260000 0.0 0.5 1 -1 -1 null null 2001 
18714453 29799710000 55815500000 0.0 0.2 3 -1 -1 null null 2001 
20744001 29794630000 55801540000 0.0 0.916666667 0 -1 -1 null null 2001 
20745724 29803910000 55766910000 0.0 1.333333333 1 -1 -1 null null 2001 
20751024 29788300000 55788830000 0.0 1.333333333 1 -1 -1 null null 2001 
18714447 29789940000 55809860000 0.0 0.2 3 -1 -1 null null 2001 
20742262 29678320000 55533260000 0.0 0.2 3 -1 -1 null null 2001 
20721900 29800650000 55797200000 0.0 1.333333333 1 -1 -1 null null 2001 
20748829 29798720000 55818230000 0.0 1.333333333 1 -1 -1 null null 2001 
20661362 29790440000 55813980000 0.0 0.2 3 -1 -1 null null 2001 
20661360 29790360000 55814050000 0.0 0.2 3 -1 -1 null null 2001 
20759012 29678020000 55541890000 0.0 0.916666667 0 -1 -1 null null 2001 
20739211 29786070000 55772210000 0.0 1.333333333 1 -1 -1 null null 2001 
20757559 29791060000 55796840000 0.0 2.25 0 -1 -1 null null 2001 
20746286 29682650000 55540520000 0.0 1.333333333 1 -1 -1 null null 2001 
20740770 29799200000 55742490000 0.0 1.333333333 1 -1 -1 null null 2001 
20741128 29800610000 55792350000 0.0 0.916666667 0 -1 -1 null null 2001 
20744491 29797320000 55744420000 0.0 1.333333333 1 -1 -1 null null 2001 
20751796 29781940000 55800130000 0.0 1.333333333 1 -1 -1 null null 2001 
20736484 29781270000 55799750000 0.0 0.4 2 -1 -1 null null 2001 
20741985 29792070000 55810610000 0.0 1.333333333 1 -1 -1 null null 2001 
20710113 29779840000 55796730000 0.0 1.333333333 1 -1 -1 null null 2001 
20744510 29794600000 55808870000 0.0 1.333333333 1 -1 -1 null null 2001 
20673358 29794640000 55797380000 0.0 0.2 3 -1 -1 null null 2001 
20761572 29803720000 55763740000 0.0 1.333333333 1 -1 -1 null null 2001 
20758985 29781510000 55808640000 0.0 0.916666667 0 -1 -1 null null 2001 
20661686 29785320000 55807340000 0.0 0.2 3 -1 -1 null null 2001 
20744286 29783990000 55798740000 0.0 1.333333333 1 -1 -1 null null 2001 
20657418 29797820000 55744720000 0.0 0.2 3 -1 -1 null null 2001 
20727533 29797460000 55819660000 0.0 1.333333333 1 -1 -1 null null 2001 
20736493 29793360000 55810390000 0.0 1.333333333 1 -1 -1 null null 2001 
20760397 29800640000 55745970000 0.0 2.25 0 -1 -1 null null 2001 
18714452 29802710000 55742670000 0.0 0.2 3 -1 -1 null null 2001 
20760188 29785680000 55770520000 0.0 2.25 0 -1 -1 null null 2001 
20751698 29781670000 55788400000 0.0 0.5 1 -1 -1 null null 2001 
18454391 29792380000 55799630000 0.0 0.2 3 -1 -1 null null 2001 
20737463 29814060000 55803550000 0.0 1.333333333 1 -1 -1 null null 2001 
20736364 29802370000 55751900000 0.0 1.333333333 1 -1 -1 null null 2001 
20760829 29781410000 55807570000 0.0 1.333333333 1 -1 -1 null null 2001 
20758946 29798260000 55804820000 0.0 0.5 1 -1 -1 null null 2001 
20729268 29792260000 55811790000 0.0 1.333333333 1 -1 -1 null null 2001 
20734404 29801530000 55751180000 0.0 1.333333333 1 -1 -1 null null 2001 
20738957 29786930000 55784860000 0.0 1.333333333 1 -1 -1 null null 2001 
18981591 29782130000 55798890000 0.0 0.2 3 -1 -1 null null 2001 
20755681 29801540000 55788710000 0.0 0.916666667 0 -1 -1 null null 2001 
20766703 29793810000 55797160000 0.0 1.333333333 2 -1 -1 null null 2001 
20728087 29789500000 55802520000 0.0 1.333333333 1 -1 -1 null null 2001 
20760704 29787340000 55787260000 0.0 1.333333333 1 -1 -1 null null 2001 
20765199 29787070000 55793600000 0.0 1.333333333 2 -1 -1 null null 2001 
20728799 29775880000 55784940000 0.0 0.2 3 -1 -1 null null 2001 
20758251 29784160000 55803180000 0.0 1.333333333 1 -1 -1 null null 2001 
20699837 29815530000 55805590000 0.0 0.5 1 -1 -1 null null 2001 
20723300 29805880000 55753800000 0.0 1.333333333 1 -1 -1 null null 2001 
20731244 29798230000 55818240000 0.0 0.5 1 -1 -1 null null 2001 
20765014 29791520000 55812500000 0.0 2.25 0 -1 -1 null null 2001 
20661364 29790460000 55813960000 0.0 0.2 3 -1 -1 null null 2001 
20760757 29782700000 55801410000 0.0 1.333333333 1 -1 -1 null null 2001 
20763894 29795498745 55753161348 0.0 2.25 0 -1 -1 null null 2001 
18839847 29795600000 55806630000 0.0 0.5 1 -1 -1 null null 2001 
20750539 29786670000 55765860000 0.0 1.333333333 1 -1 -1 null null 2001 
20661370 29790160000 55813670000 0.0 0.2 3 -1 -1 null null 2001 
20737203 29796070000 55757330000 0.0 1.333333333 1 -1 -1 null null 2001 
20727487 29789720000 55803250000 0.0 1.333333333 1 -1 -1 null null 2001 
20757186 29799110000 55811660000 0.0 0.5 1 -1 -1 null null 2001 
20749514 29788810000 55773940000 0.0 1.333333333 1 -1 -1 null null 2001 
18340394 29778770000 55791990000 0.0 0.2 3 -1 -1 null null 2001 
19083719 29797430000 55813980000 0.0 0.5 1 -1 -1 null null 2001 
20731984 29788120000 55788310000 0.0 1.333333333 1 -1 -1 null null 2001 
20664723 29784490000 55804230000 0.0 0.916666667 0 -1 -1 null null 2001 
20730141 29801210000 55746270000 0.0 0.2 3 -1 -1 null null 2001 
20747143 29818380000 55797850000 0.0 0.4 2 -1 -1 null null 2001 
20742909 29798980000 55804410000 0.0 1.333333333 1 -1 -1 null null 2001 
20720195 29792170000 55765580000 0.0 0.2 2 -1 -1 null null 2001 
20767763 29801050000 55794920000 0.0 0.7 2 -1 -1 null null 2001 
20689756 29800060000 55812390000 0.0 0.2 3 -1 -1 null null 2001 
20661461 29806500000 55751020000 0.0 0.2 3 -1 -1 null null 2001 
20722250 29815960000 55816070000 0.0 1.333333333 1 -1 -1 null null 2001 
20725727 29784550000 55785030000 0.0 1.333333333 1 -1 -1 null null 2001 
20745930 29800540000 55741640000 0.0 1.333333333 1 -1 -1 null null 2001 
19111774 29677550000 55540490000 0.0 1.333333333 1 -1 -1 null null 2001 
20749332 29799780000 55743430000 0.0 1.333333333 1 -1 -1 null null 2001 
20751419 29796330000 55758790000 0.0 2.25 0 -1 -1 null null 2001 
20734267 29799250000 55759720000 0.0 1.333333333 1 -1 -1 null null 2001 
20766704 29793810000 55797160000 0.0 1.333333333 2 -1 -1 null null 2001 
20767329 29795905190 55805873530 0.0 0.2 3 -1 -1 null null 2001 
20754734 29798850000 55806740000 0.0 1.333333333 1 -1 -1 null null 2001 
20722367 29798540000 55808410000 0.0 0.5 1 -1 -1 null null 2001 
20689864 29777820000 55796130000 0.0 0.2 3 -1 -1 null null 2001 
"
